x
-1 1
1 0.361098 1.25007
2 0.630751 2.61804
3 1.26716 3.12009
4 0.561822 2.18535
5 0.470588 160.314
6 2.25098 310.518
7 4 425.365
8 4 561.231
9 35.9373 262.235
10 58.0863 471.067
11 109.592 666.282
12 135.349 841.631
13 9.386799999999999 202.3
14 13.5486 374.553
15 35.5225 550.65
16 82.48779999999999 661.355
17 0.0156863 6
18 0.0235294 5.92941
19 0.133333 5.8902
20 0.0156863 5.9451
21 30.6588 928.4
22 61.8745 931.169
23 140.329 785.9059999999999
24 36.7765 762.188
25 8.92334 462.663
26 23.8424 480.373
27 72.56489999999999 420.213
28 12.6148 409.825
29 8 671.647
30 189.365 901.7569999999999
31 94.03489999999999 707.399
32 4.29095 159.135
33 23.2 510.941
34 5.07451 670.063
35 213.145 953.1369999999999
36 70.0902 752.395
37 6.20688 254.946
38 27.9529 759.122
39 2.52549 377.71
40 85.0902 562.125
41 20.3843 474.697
42 3.19216 344.071
43 119.043 516.682
44 82.6491 413.565
45 -0.00203764 0.00749135
46 0.161543 0.444386
47 -1.18305 0.233266
48 1.26743 5.05375
