x
-1 1
1 0.365752 1.25153
2 0.638723 2.59488
3 1.27522 3.0917
4 0.565678 2.17017
5 0.470588 159.725
6 2.25098 268.455
7 4 376.212
8 4 468.957
9 35.9373 262.235
10 58.0863 471.067
11 108.424 658.039
12 135.937 812.973
13 9.548260000000001 194.344
14 13.8348 366.971
15 37.5696 524.59
16 83.3759 628.141
17 0.0156863 6
18 0.0235294 5.8902
19 0.133333 5.8902
20 0.0156863 5.9451
21 30.6588 840.643
22 62.5412 861.498
23 138.635 781.051
24 36.7765 745.1609999999999
25 9.028589999999999 443.059
26 24.2756 451.988
27 72.4847 402.501
28 12.8454 397.211
29 8 580.1180000000001
30 186.925 871.522
31 93.1583 662.016
32 4.74958 161.483
33 22.549 512.133
34 5.06667 669.098
35 210.455 940.0940000000001
36 78.4875 736.498
37 5.35458 252.531
38 25.6784 734.729
39 2.52549 327.929
40 85.0902 562.125
41 20.8754 456.905
42 3.18431 342.447
43 118.769 501.365
44 77.82989999999999 385.065
45 -0.00154725 0.00751269
46 0.163418 0.443155
47 -1.17888 0.246589
48 1.28087 4.8492
