x
-1 1
1 0.3722 1.2501
2 0.648212 2.56436
3 1.28573 3.07155
4 0.570048 2.14365
5 0.470588 159.278
6 2.25098 268.282
7 4 373.184
8 5.61569 469.482
9 35.9373 262.235
10 58.0863 452.353
11 109.592 616.431
12 136.753 766.102
13 9.735810000000001 188.225
14 14.1673 359.3
15 40.3726 506.773
16 81.801 606.4829999999999
17 0.0156863 6
18 0.0235294 5.8902
19 0.0784314 5.8902
20 0.0156863 5.9451
21 30.6588 790.024
22 61.851 733.4589999999999
23 136.165 775.655
24 40.3137 726.4
25 9.15353 415.267
26 24.7721 377.312
27 76.28270000000001 399.626
28 13.6755 389.044
29 9.615690000000001 586.0549999999999
30 178.612 850.337
31 91.6922 646.1950000000001
32 3.92856 170.54
33 24.1882 524.196
34 8 668.2430000000001
35 208.416 888.753
36 88.09310000000001 728.176
37 6.36895 231.009
38 29.0902 671.7569999999999
39 2.52549 326.494
40 85.0902 545.827
41 21.4458 443.487
42 4 342.925
43 114.973 484.431
44 75.992 381.835
45 -0.000970064 0.00752283
46 0.165689 0.442469
47 -1.17265 0.250349
48 1.29206 4.62822
