x
-1 1
1 0.377966 1.2501
2 0.658453 2.54218
3 1.29614 3.06017
4 0.574361 2.12417
5 0.470588 159.278
6 2.25098 268.282
7 4 383.882
8 8.486269999999999 469.506
9 34.3137 250.737
10 58.0863 435.38
11 107.647 584.722
12 136.525 741.647
13 9.919219999999999 183.744
14 14.4924 342.636
15 41.8965 488.057
16 79.6691 590.8339999999999
17 0.0156863 6
18 0.0235294 5.8902
19 0.0784314 5.8902
20 0.0156863 5.9451
21 30.6588 728.22
22 62.7294 731.443
23 134.267 763.365
24 45.6078 708.635
25 9.26492 389.575
26 25.0909 375.343
27 76.0197 393.559
28 14.2616 376.96
29 12.4863 586.0549999999999
30 176.416 850.337
31 90.4147 637.068
32 4.56189 162.324
33 25.5059 496.769
34 8 666.2430000000001
35 210.298 836.933
36 97.43729999999999 719.484
37 4.65039 222.867
38 21.6 648.902
39 2.52549 320.973
40 85.0902 519.78
41 21.9408 420.049
42 4 340.651
43 110.957 462.988
44 74.8759 374.52
45 -0.000671898 0.00756151
46 0.167735 0.439568
47 -1.16536 0.251534
48 1.30322 4.44049
