x
-1 1
1 0.388406 1.2479
2 0.668557 2.51026
3 1.30733 3.03758
4 0.579474 2.09445
5 0.470588 156.353
6 2.25098 268.282
7 4 372.878
8 8.486269999999999 481.843
9 33.8431 246.243
10 58.0863 423.976
11 107.647 555.953
12 138.996 710.157
13 10.1332 178.679
14 14.8716 328.725
15 42.8111 467.513
16 78.00790000000001 574.9160000000001
17 0.0156863 6
18 0.0235294 5.98431
19 0.0784314 5.8902
20 0.0156863 5.9451
21 30.6588 686.298
22 60.8235 722.306
23 130.008 740.078
24 46.8549 671.443
25 9.40227 363.256
26 25.3245 371.436
27 75.95999999999999 387.018
28 14.5374 357.05
29 12.4863 599.318
30 172.698 850.337
31 89.5296 625.556
32 4.89805 155.228
33 24.3608 482.329
34 8 666.353
35 204.659 798.22
36 105.819 702.011
37 6.75909 214.002
38 29.6157 605.216
39 2.52549 319.584
40 85.0902 509.875
41 22.5306 401.858
42 4 338.949
43 113.435 435.914
44 75.1965 366.849
45 -0.000623384 0.00757501
46 0.170081 0.435772
47 -1.15729 0.251407
48 1.31853 4.27379
