x
-1 1
1 0.395365 1.2447
2 0.676942 2.48608
3 1.31899 3.02628
4 0.585954 2.06448
5 0.470588 140.024
6 2.25098 252.847
7 4 365.812
8 10.5725 485.067
9 34.7137 227.475
10 58.0863 414.094
11 109.498 544.8630000000001
12 139.702 685.043
13 10.3433 177.68
14 15.2442 314.175
15 43.5892 444.845
16 76.858 549.998
17 0.0156863 6
18 0.0235294 5.98431
19 0.0784314 5.8902
20 0.0156863 5.9451
21 30.6588 677.663
22 59.0902 710.212
23 127.969 726.58
24 51.2863 657.318
25 9.53462 349.682
26 25.8265 363.878
27 74.4885 378.131
28 15.0275 350.618
29 14.5725 602.51
30 166.941 850.337
31 89.7461 624.2140000000001
32 3.82252 162.862
33 21.3882 482.204
34 8 656.706
35 203.796 756.761
36 106.464 691.547
37 6.00578 211.11
38 26.4549 535.7329999999999
39 2.52549 301.82
40 85.0902 476.604
41 23.1157 384.726
42 4 326.706
43 110.329 411.098
44 73.78189999999999 360.451
45 -0.0005604 0.00755752
46 0.172444 0.435849
47 -1.14932 0.248081
48 1.32202 4.17751
