x
-1 1
1 0.410747 1.24058
2 0.69035 2.46593
3 1.33543 3.0021
4 0.59401 2.09497
5 0.470588 144.675
6 2.25098 239.992
7 4 367.796
8 12.1412 486.345
9 34.3451 222.016
10 58.0863 372.588
11 109.749 515.38
12 134.8 681.976
13 10.6761 175.876
14 15.834 297.623
15 44.4798 409.724
16 74.9629 526.881
17 0.0156863 6
18 0.0235294 5.98431
19 0.0784314 5.8902
20 0.0156863 5.9451
21 30.6588 655.71
22 57.6314 683.835
23 124.306 701.694
24 49.3569 619.075
25 9.636100000000001 336.151
26 26.6643 351.795
27 72.7812 361.426
28 15.8726 334.386
29 16.1412 605.529
30 164.8 850.337
31 88.3396 626.254
32 3.9961 154.791
33 22.2431 470.486
34 8 618.463
35 197.984 707.067
36 112.262 661.475
37 5.95361 206.914
38 25.451 507.365
39 2.52549 303.537
40 85.0902 445.137
41 24.0339 356.579
42 2.31373 304.714
43 109.341 401.827
44 72.7978 343.235
45 -0.000534881 0.00742366
46 0.175904 0.433187
47 -1.14021 0.245593
48 1.33378 4.06988
