x
-1 1
1 0.421136 1.23582
2 0.698437 2.51211
3 1.34944 2.98608
4 0.600141 2.13206
5 0.470588 130.235
6 2.3451 240.941
7 4 367.812
8 12.1412 487.09
9 34.3451 214.408
10 58.0863 364.165
11 109.812 515.38
12 134.478 681.976
13 10.9884 168.943
14 16.2768 284.167
15 45.4395 400.808
16 73.5526 507.58
17 0.0156863 6
18 0.0156863 5.98431
19 0.0784314 5.8902
20 0.0156863 5.9451
21 30.6588 646.439
22 57.098 670.745
23 121.725 670.784
24 45.7804 598.91
25 9.685700000000001 330.202
26 27.0647 347.445
27 72.9122 342.919
28 15.6928 324.156
29 16.1412 607.647
30 158.502 850.337
31 86.76430000000001 626.148
32 4.35456 146.788
33 22.9412 474.063
34 8 598.298
35 193.718 680.078
36 115.381 645.1559999999999
37 5.90675 201.78
38 26.5882 494.604
39 2.52549 304.58
40 85.0902 430.094
41 24.8317 341.316
42 2.15686 294.635
43 104.047 395.122
44 70.7136 333.059
45 -0.000516593 0.00731133
46 0.178624 0.430528
47 -1.13317 0.240933
48 1.32627 4.04476
