x
-1 1
1 0.433484 1.2304
2 0.705816 2.5666
3 1.36653 3.00008
4 0.608253 2.1752
5 0.470588 119.051
6 2.3451 240.753
7 4 370.996
8 13.0902 490.275
9 35.9373 213.098
10 58.0863 359.529
11 108.424 515.38
12 136.918 681.976
13 12.0737 161.909
14 16.7992 282.198
15 46.3724 399.047
16 72.7876 508.614
17 0.0156863 6
18 0.0156863 5.98431
19 0.0784314 5.8902
20 0.0156863 5.93725
21 30.6588 625.984
22 58.8 646.706
23 123.796 637.325
24 44.8235 573.388
25 9.742839999999999 318.331
26 27.3804 338.276
27 71.19589999999999 320.965
28 15.8777 310.418
29 17.0902 609.42
30 161.6 850.337
31 85.68049999999999 628.4930000000001
32 5.02644 138.892
33 21.749 471.2
34 8 572.776
35 189.216 660.792
36 120.306 622.21
37 4.56835 200.219
38 21.2157 489.239
39 2.52549 307.216
40 85.0902 423.757
41 25.6781 338.135
42 3.07451 283.741
43 102.439 396.894
44 69.00230000000001 320.669
45 -0.000470783 0.00715439
46 0.179799 0.426889
47 -1.12579 0.228317
48 1.3066 4.0225
