x
-1 1
1 0.449127 1.22365
2 0.714166 2.62071
3 1.39041 3.06984
4 0.618969 2.21511
5 0.470588 123.984
6 2.3451 241.467
7 4 370.808
8 17.2314 490.086
9 35.9373 211.843
10 58.0863 353.035
11 104.808 515.38
12 137.553 681.976
13 12.4033 159.821
14 17.5183 276.622
15 47.7277 384.394
16 71.8553 508.474
17 0.0156863 5.87451
18 0.0156863 5.98431
19 0.0784314 5.8902
20 0.0156863 5.93725
21 30.6588 596.698
22 58.7608 614.7140000000001
23 122.133 582.1180000000001
24 50.9255 550.847
25 9.81915 298.583
26 28.1742 316.218
27 67.7745 284.331
28 17.1112 295.303
29 29.3725 609.231
30 151.514 813.027
31 85.03019999999999 627.539
32 4.03364 124.577
33 23.0196 442.549
34 8 548.675
35 189.333 621.122
36 120.833 588.426
37 6.05938 195.259
38 27.0275 475.639
39 2.52549 308.196
40 85.0902 423.757
41 26.6337 327.621
42 4 269.608
43 102.392 384.345
44 66.81140000000001 299.101
45 -0.000369798 0.0070631
46 0.179298 0.423877
47 -1.11247 0.211904
48 1.28904 3.98891
