x
-1 1
1 0.496601 1.19869
2 0.851421 2.62249
3 1.67486 3.11909
4 0.76498 2.18721
5 0.470588 101.318
6 3.08235 203.467
7 4 316.063
8 4 434.557
9 36.6745 196.651
10 106.667 290.902
11 153.341 487.231
12 193.804 684.5650000000001
13 15.0049 124.294
14 61.5112 229.013
15 87.5342 375.137
16 122.122 547.942
17 0.0156863 5.63922
18 0.133333 5.55294
19 0.0784314 5.8902
20 0.133333 5.81961
21 32.8314 864.2670000000001
22 139.592 901.4349999999999
23 127.969 720.306
24 171.004 690.251
25 15.4835 422.411
26 75.9795 469.741
27 75.59 414.72
28 84.6687 354.172
29 8 538.133
30 239.647 842.533
31 149.963 661.399
32 5.91402 150.616
33 35.4353 435.027
34 12.1569 583.773
35 253.035 907.545
36 161.605 733.986
37 5.68774 179.7
38 26.8627 508.706
39 4 261.459
40 131.914 383.851
41 71.7979 298.232
42 4 274.063
43 130.51 503.263
44 94.0277 389.141
45 0.0011968 0.00356221
46 0.193488 0.414399
47 -0.8363350000000001 -0.0217842
48 1.29533 3.76745
