x
-1 1
1 0.361098 1.25007
2 0.62785 2.61804
3 1.31241 3.11875
4 0.602128 2.18535
5 0.470588 152.996
6 2.25098 316.282
7 4 480.125
8 4 639.208
9 35.9373 260.165
10 67.38039999999999 471.067
11 110.22 611.749
12 135.31 757.153
13 9.330399999999999 200.108
14 25.9715 359.83
15 61.4852 514.026
16 81.2756 668.849
17 0.0156863 6
18 0.0235294 5.92941
19 0.133333 5.8902
20 0.0156863 5.9451
21 30.6588 853.216
22 61.8745 897.231
23 140.329 785.9059999999999
24 36.7765 762.188
25 8.88472 447.473
26 23.7927 465.228
27 72.56489999999999 410.194
28 12.6148 409.825
29 8 773.7569999999999
30 188.871 903.3099999999999
31 94.4205 807.607
32 4.29095 151.037
33 23.2 476.22
34 5.07451 670.063
35 209.812 958.5650000000001
36 67.1246 744.407
37 5.72871 254.971
38 27.9529 762.196
39 2.52549 396.886
40 88.45489999999999 562.125
41 49.5015 431.738
42 3.19216 344.071
43 118.902 499.624
44 82.6491 390.781
45 -0.00203764 0.00749135
46 0.162973 0.437285
47 -1.18574 0.233266
48 1.26176 5.13007
