x
-1 1
1 0.365752 1.25153
2 0.62785 2.59488
3 1.31241 3.11875
4 0.602128 2.17017
5 0.470588 152.996
6 2.25098 316.282
7 4 480.125
8 4 639.208
9 35.9373 256.518
10 67.38039999999999 471.067
11 110.22 611.749
12 135.31 757.153
13 9.330399999999999 196.987
14 25.9715 359.83
15 61.4852 514.026
16 81.2756 668.849
17 0.0156863 6
18 0.0235294 5.92941
19 0.133333 5.8902
20 0.0156863 5.9451
21 30.6588 853.216
22 61.8745 861.498
23 138.635 781.051
24 36.7765 745.1609999999999
25 8.88472 447.473
26 23.7927 451.988
27 72.4847 402.501
28 12.8454 397.211
29 8 773.7569999999999
30 188.871 903.3099999999999
31 94.4205 807.607
32 4.74958 151.037
33 24.5882 476.22
34 5.06667 669.098
35 209.812 958.5650000000001
36 67.1246 736.498
37 5.72871 254.971
38 30.4784 762.196
39 2.52549 396.886
40 88.45489999999999 562.125
41 49.5015 431.738
42 3.18431 342.447
43 118.902 496.557
44 77.82989999999999 385.065
45 -0.00154725 0.00751269
46 0.162973 0.437285
47 -1.18574 0.246589
48 1.26176 5.13007
