x
-1 1
1 0.410747 1.24481
2 0.62785 2.46593
3 1.31241 3.11875
4 0.602128 2.09497
5 0.470588 152.996
6 2.25098 316.282
7 4 480.125
8 4 639.208
9 34.3451 256.518
10 67.38039999999999 471.067
11 110.22 611.749
12 135.31 757.153
13 9.330399999999999 196.987
14 25.9715 359.83
15 61.4852 514.026
16 81.2756 668.849
17 0.0156863 6
18 0.0235294 5.92941
19 0.0784314 5.8902
20 0.0156863 5.9451
21 30.6588 853.216
22 61.8745 740.729
23 124.306 701.694
24 49.3569 648.8
25 8.88472 447.473
26 23.7927 382.737
27 74.6375 361.426
28 15.8726 334.386
29 8 773.7569999999999
30 188.871 903.3099999999999
31 94.4205 807.607
32 5.02884 151.037
33 25.7333 476.22
34 8 618.463
35 209.812 958.5650000000001
36 67.1246 699.418
37 5.72871 254.971
38 30.4784 762.196
39 2.52549 396.886
40 88.45489999999999 562.125
41 42.4815 431.738
42 2.31373 304.714
43 118.902 496.557
44 72.7978 363.621
45 -0.000653187 0.00742366
46 0.162973 0.437285
47 -1.18574 0.245593
48 1.26176 5.13007
