x
-1 1
1 0.449127 1.24481
2 0.62785 2.62071
3 1.31241 3.11875
4 0.602128 2.21511
5 0.470588 152.996
6 2.25098 316.282
7 4 480.125
8 4 639.208
9 35.9373 256.518
10 67.38039999999999 471.067
11 110.22 611.749
12 135.31 757.153
13 9.330399999999999 196.987
14 25.9715 359.83
15 61.4852 514.026
16 81.2756 668.849
17 0.0156863 5.9451
18 0.0156863 5.92941
19 0.0784314 5.8902
20 0.0156863 5.93725
21 30.6588 853.216
22 61.8745 740.729
23 122.133 693.514
24 50.9255 648.8
25 8.88472 447.473
26 23.7927 382.737
27 67.8733 359.529
28 17.1112 333.453
29 8 773.7569999999999
30 188.871 903.3099999999999
31 94.4205 807.607
32 4.99683 151.037
33 23.1216 476.22
34 8 611.655
35 209.812 958.5650000000001
36 67.1246 699.418
37 5.72871 254.971
38 30.4784 762.196
39 2.52549 396.886
40 88.45489999999999 562.125
41 34.5709 431.738
42 3.3098 299.898
43 109.6 496.557
44 66.81140000000001 363.621
45 -0.000653187 0.0070631
46 0.162973 0.437285
47 -1.18574 0.211904
48 1.26176 5.13007
