x
-1 1
1 0.421136 1.2479
2 0.62785 2.56436
3 1.26512 3.12734
4 0.5606950000000001 2.14365
5 0.470588 176.549
6 2.25098 344.212
7 4 480.125
8 4 639.208
9 34.3137 263.914
10 58.0863 471.067
11 109.592 666.282
12 135.31 841.631
13 10.44 212.91
14 13.4486 396.933
15 35.1603 555.843
16 81.2756 680.995
17 0.0156863 6
18 0.0156863 5.98431
19 0.133333 5.8902
20 0.0156863 5.9451
21 30.6588 939.529
22 61.8745 947.953
23 136.165 738.675
24 49.3569 683.475
25 9.524419999999999 472.392
26 28.1742 485.337
27 71.313 425.178
28 15.8726 350.151
29 8 773.7569999999999
30 188.871 903.3099999999999
31 94.4205 807.607
32 3.92856 151.037
33 24.1882 476.22
34 8 611.655
35 194.118 958.5650000000001
36 67.1246 763.997
37 5.72871 254.971
38 30.4784 762.196
39 2.52549 428.11
40 85.0902 562.125
41 20.2127 477.635
42 3.3098 299.898
43 116.149 522.494
44 72.7978 417.718
45 -0.000369798 0.00757501
46 0.160895 0.44412
47 -1.18574 0.240933
48 1.26176 5.13007
